	  Human	    Opposum	Pig	  Dog	   Cat	     GuineaPig	Mouse	 Rat
Human     0        .257        .216      .210     .210       .223       .237     .191
Opossum   .257      0          .235      .218     .240       .217       .208    .200
Pig       .216     .235         0         .134    .136       .179       .193    .155
Dog       .210     .218        .134        0      .134       .203       .184    .163
Cat       .210     .240        .136	 .134        0      .206       .178    .169
GuineaPig .223     .217        .179      .203     .206          0      .191    .161
Mouse     .237     .208        .193      .184     .178       .191         0     .113
Rat       .191     .200        .155      .163     .169       .161       .113      0


